Sample	Group	Trichoderma	Aureobasidium	Neopestalotiopsis	Saccharomycopsis	Talaromyces	Fusarium	Ophionectria	Nigrospora	Unassigned Capnodiales	Ganoderma	Unassigned Sordariomycetes	Unassigned Pleosporale	Unassigned Pleosporale2	Hanseniaspora	Lactarius	Lasiodiplodia	Candida	Pichia	Schwanniomyces	Unassigned Ascomycota	Sordaria	Wickerhamomyces	Trichosporon	Unassigned Didymosphaeriaceae	Cladosporium	Saccharomyces	Aspergillus	Malassezia	Penicillium	Unassigned Saccharomycetales
X33_Didon	BaAka-Human	0.0822876	0	0	0.30857848	0	0.072001646	0	0	0.216004937	0	0.58629912	0	0	0	0	0	1.49146266	0	0	0.16457519	0	0	12.82657889	0	0.0617157	9.80250977	2.232051018	0.668586711	2.38634026	20.70561613
X34_Boto	BaAka-Human	0	0	0.44745171	0	2.35730656	0	0	0	0	0.28374986	0	0	0.41471134	0	0	0	0.55658627	0.894903416	0	0.70937466	0	0	6.10062207	0	0.29466332	1.98624905	10.54239878	0	0.22918258	13.64182036
X35_Ngombi	BaAka-Human	0	0	0.48020338	0	3.31905278	0	0	0.14594416	0	0.08474177	0	0.15065204	0.16006779	0	0	0	0.05178664	0	0	0.12240478	0	0	18.32305447	0	0.08474177	9.67468575	8.77548138	0.207146556	0.15535992	1.73720635
X36_Molongo	BaAka-Human	0.14557671	0.07838746	0.12318029	0	0	0.055991041	0	0	0	0.07838746	0.07838746	0	0	0	0	0	7.92833147	0	0	0	0	0	19.69764838	0.54871221	0	10.41433371	40.16797312	0.033594625	0.22396417	4.54647256
X37_Ngonduma	BaAka-Human	0	0	0.30049171	0.04552905	0.33691495	0.191222	0.209433619	0	0	0	0.61008924	0.21853943	0.07284648	0	1.6299399	0	0.13658714	0.200327809	0	2.8774358	0	0	1.37497724	0.21853943	8.72336551	0.23675105	0.291385904	0	0.15479876	7.90384265
X38_Ito	BaAka-Human	0	0	0	0.05698547	0	0	0	0	0	0	0	0	0	0	4.48285687	0	0	1.101719062	0	0	0	0	3.22917656	0	4.45436414	0	3.485611169	4.378383512	0	47.51638332
X39_Iyiki	BaAka-Human	0.13024467	0	0.14885106	0	1.14429249	0	0	0	0	0.04651595	0.34421807	0.13024467	0	0	0	0.06512234	0	0	0	2.61419667	0.01860638	0	0.26979254	0	0	0.11163829	0.09303191	0.18606382	0.29770211	2.38161689
X40_Epessekele	BaAka-Human	0	0	0.93574548	0.21834061	0	1.746724891	0.717404866	0	0	0.49906425	0	0.21834061	0	0.779787898	0	0.68621335	0	0.15595758	0	0.81097941	0	1.965065502	1.40361822	0.68621335	1.90268247	2.46412976	2.557704304	0.655021834	0	22.48908297
X41_Francois	BaAka-Human	0	0.04534325	0	0.11335812	0	0	2.280765394	0.23578489	0.362745987	0	0.19951029	0	0.11335812	0.321937064	0.68921738	0.24485354	0.16323569	1.450983948	0	3.01532602	0	0	3.76802394	0.0725492	1.44644962	17.12161059	0.662011426	0.217647592	2.64351138	14.88618845
X42_Ndidje	BaAka-Human	0.05937655	0	0.02968827	2.05838694	0.61355764	3.265710045	0	0.326571	0	0	0.13854527	0	0.22761009	0.217714003	4.50272143	1.48441366	0.08906482	0.296882731	1.82088075	0.29688273	0	3.404255319	1.53389411	0.06927264	2.70163286	0.83127165	1.444829292	0.296882731	1.41514102	25.51212271
X43_Wala	BaAka-Human	0.94723599	0	0.54762081	0	0.09620366	0.540220528	0	0	0.814030933	0	0.79923037	1.39125287	0.26641012	0.643824465	6.815659	0	0.90283431	0	0.25900984	8.21431214	0	0.266410124	5.45400725	0.45881744	2.22008436	12.21786428	0.577221934	0.266410124	0.46621772	9.47976023
X44_Zulia	BaAka-Human	0	0	0.23393181	0.16960056	1.36850108	1.426984034	0	0.14620738	0	0	0	0.18714545	0	0.485408503	3.99438564	0.19884204	2.79548512	8.415696824	0	0.19884204	0	0.076027838	8.87186385	0.30411135	0.66670566	0.05263466	0.456167027	0.035089771	0.18714545	21.92525879
X45_Maki	BaAka-Human	0.4216253	0	0	0.70724243	0.20401224	2.733764026	0	0	0	0	0.38082285	0	0.13600816	0	13.07718463	0.06800408	0	0.03400204	0.12240734	1.73410405	0	0	0.81604896	0.23801428	0.70724243	6.56919415	5.855151309	0.285617137	0.20401224	13.11798708
X46_Singa	BaAka-Human	0	0	0	1.12864658	0.48780488	1.396461023	0	2.41032999	0	0	0	0.88952654	0	0	2.28598757	1.57819225	0	0	0.86083214	0.6408417	0	0	0	1.60688666	0	0.26781444	3.921568627	2.209469154	0	14.13677666
X47_Mbusa	BaAka-Human	0.32823223	0.2728164	0	0.9164926	0	4.66345539	0	0	0	0	0.09804339	0.22592608	0.10656891	0.251502622	7.21684641	0.72040581	0	4.748710516	0.12361993	0.44332666	0	0	2.25073533	0.48169146	0.17477301	1.90545207	0.468903193	1.406709578	0.18329852	18.21902042
X49_Bonango	BaAka-Human	0.02776235	0	0	0.27762354	1.13825652	0.138811771	0	0	0	0.06940589	0.06940589	0.03470294	0	0.478900611	2.09605775	0	0.26374237	2.706829539	1.52692948	3.643809	0	0.138811771	1.22154359	0.15269295	0.25680178	6.56579678	3.636868406	0.229039423	1.01332593	12.61799001
X50_Bajungo	BaAka-Human	0.45490333	0	0	2.05581314	0	0	0	0	0.17496282	0	0	0	0	0.192459102	0	0	0	5.756276791	0.91855481	0	0	0	4.2865891	0	0.7260957	1.52217654	0.332429359	0.804828974	0.52488846	21.30172338
X51_Malambo	BaAka-Human	0.81142282	0	1.0315763	0	0	0.30192477	0	0.23273368	0	0.41514656	0.64159014	0.9749654	0.38998616	0	0	0.50949805	0	2.358787269	0	0.42772676	0	0	0.17612278	0.37111586	1.44672286	12.54245817	0.666750535	0.824003019	1.12592779	11.09573531
X52_Lindaki	BaAka-Human	0	0	0.09317836	0	0.7454269	2.633514786	0	0	0	0.34328871	0	0.62282379	0.32857633	0.098082487	0	0	0	0.220685597	0.27953509	0.2010691	0	0	23.84385268	0.24030209	0.35309695	10.86263548	4.492177922	0	1.45652494	29.76803492
X53_Yambi	BaAka-Human	0	0.37495066	0	2.0260492	0	0	0	0	0	0.44073148	0	0	0	1.210367057	8.01868175	0.1447178	0.61833969	1.170898566	0	0.52624655	0	0	2.08525194	0.11182739	0.66438626	8.52519405	10.67622681	1.085383502	0.80252598	17.63583739
X54_Manoi	BaAka-Human	0	0	0.10446448	0	1.4350121	2.628106444	0	4.73938861	0	0	0.35188036	0	0.20892896	0	1.16560369	0	0.50032989	2.331207389	0	0	0	0	0.92918408	0.43435232	0.56080932	0	8.445128656	0.274906532	1.58895975	23.79041126
X55_Luma	BaAka-Human	0.30314312	0	0	0.62224113	0	0.351007818	0	0	0	0	0	0	0	0.074456204	10.78551295	0.54246663	0.0159549	0	1.36148487	0.33505292	0	0	4.19613891	0.16486731	0.47332872	12.56182524	7.216933468	2.446418125	0.85624634	27.4264745
X56_Adamou	BaAka-Human	0	0	0	0	0.65489291	0	0	0	0	0	0	0	0	0.246926835	15.22357614	0.18251114	0	1.341993666	0	0.31671051	0	0.467013796	0.78909228	0.27913468	0.23619089	1.07896291	6.151698964	0.885715819	0.14493532	21.9711203
X57_Yama	BaAka-Human	0.08704735	0	0	0	0	0	0	0	0	0	0	0	0	0.243732591	14.86768802	0.4178273	0	0.400417827	0	0.27855153	0	0	1.0097493	0.08704735	0.95752089	0.05222841	1.16643454	0.713788301	0.20891365	28.6908078
X58_Abuya	BaAka-Human	0.09036145	2.62048193	0.88554217	0	0	0.078313253	0.518072289	0.40361446	0	0	0.14457831	0.89759036	0.13253012	0	6.30722892	0.40963855	0.1686747	0.126506024	0	0.21084337	0	0	3.28313253	1.07831325	7.09036145	0.1686747	8.765060241	1.114457831	0.46385542	23.57831325
X59_Abeni	BaAka-Human	0.1016002	0	0.2489205	0.20828042	1.40716281	1.391922784	0	0	0.345440691	0	0.08636017	0	0.50800102	0.086360173	10.31242062	0	0.25400051	0.716281433	0.22860046	0.55372111	0	0.375920752	0.4013208	0.07620015	1.02108204	0.23876048	7.030734061	0.365760732	0.78740157	11.21666243
X60_Omer	BaAka-Human	0	0	0	0	2.08714756	0	0	0	0	0	1.28158184	0.98864885	2.4533138	0.073233248	0	1.51958989	0	1.656902234	0	0	0	1.354815086	2.08714756	0	3.76235811	0.06407909	1.098498718	0	1.51958989	24.47821311
X18	Bantu-Human	0.10418837	0	0	0	0.04862124	0.069458915	0	0	0.250052094	0.0833507	0.44453706	0.23616031	0.57650899	0	0	0.39591582	0.72237272	10.89115788	0	0.43064527	0	0.92380357	12.32895742	0.22226853	0.42369938	0.17364729	8.793498646	0.076404807	0.63902202	20.54594707
X19	Bantu-Human	0	0.33338625	0	0	0	2.936974123	0	0	0	0	0.79377679	0.15875536	1.01603429	0.095253215	0	0.69852358	2.14319733	8.128274329	0	0.39688839	0	0	2.31782823	0.87315447	0	0	6.223210033	0.762025718	0.17463089	12.95443721
X20	Bantu-Human	0	0	0	0	0.16440608	0	0	0	0	0	0.75010275	1.51048089	0.40073983	0.030826141	0	0.27743527	0.33908755	8.651870119	0	0.42129059	0	0.184956843	3.78133991	0	0	1.45910399	14.82737361	1.243321003	0.12330456	16.89272503
X21	Bantu-Human	0	0	0	0	0	0	0	0	0	0	0	0	0	0.596421471	0	0	0.69261848	8.067722696	0	0	0	2.70634259	1.9175271	0.69903162	0.37196178	50.15712179	2.526774835	2.161226191	0.66696595	6.79150901
X22	Bantu-Human	0	0.430839	0.2154195	0.23809524	0	0	0	0	0	0	0.34013605	0	0.35147392	0	0	0.11337868	12.24489796	6.41723356	0	0.83900227	0	0	2.65306122	0.26077098	0	0	10.86167801	1.258503401	0.40816327	11.12244898
X23	Bantu-Human	0	0	0	0	0	0	0	0	0	0.78175896	0	0	0	0	0	0.20474639	1.47975803	7.668683108	0	1.95439739	0	0	0.72591903	0	0	0	7.538389949	0	0.17682643	18.05490926
X24	Bantu-Human	0	0.65886782	0	0	0	0.188247949	0.544574425	0.21514051	0	2.23880597	0.12101654	0.18152481	0.56474385	0	0	0.77316122	0	6.662632782	0	0	0	0	0.4907893	0	0.18152481	0	11.9066828	0	0.10084712	13.57402178
X25	Bantu-Human	0	0	0.52919233	0.06072699	0	0.199531535	0	0	0.685347445	0.15615511	0.19085625	0.82415199	0	0	0	1.49214887	0.1648304	16.57846795	0	0.20820682	0	1.700355687	5.71701223	0	0.85017784	0.03470114	18.14001909	0	1.23189034	17.7496313
X29	Bantu-Human	0	0.36657818	0.44242194	3.55201618	0	1.276703324	0.341296928	0.78371887	0	0	0	0	0	0	0.42978132	0	0	1.37782834	0.24017191	0.1896094	0	0	2.41435975	0	3.76690684	1.70648464	2.856781696	0.227531286	0.12640627	42.39666287
X30	Bantu-Human	0	0	0	0	0	0.577557756	0	0.2750275	0	0.2750275	0	0.41254125	0.60506051	0.192519252	0	0.66006601	0	1.182618262	0	0	0	0	3.54785479	2.83278328	0	6.35313531	4.922992299	0.99009901	0	20.0770077
X31	Bantu-Human	0	0	0.14522663	7.10846136	0.51211496	0.099365589	0	0	0	0	0.1070091	0	0.4433234	0.198731178	0	0.25987923	0.29809677	0.259879233	0	0	0	0.236948712	0.84078575	0	0.12229611	12.14553237	0.901933807	0.244592219	0	30.34472216
X32	Bantu-Human	0.60821837	0	0	0	0.48954161	0.608218365	0	0	0	0.10384216	0	0.08900757	0.14834594	0	0	0.2521881	0.10384216	0	0	1.05325619	0	0.237353508	9.34579439	0.44503783	0.29669189	0.34119567	2.744399941	0.118676754	0.14834594	24.77377244
X35	Bantu-Human	0.03967939	0	3.09499246	0	0	0	0.261883977	0.15871756	0.888818348	0.41266566	0.0714229	0.29362749	0.21426871	0	0	0.26188398	0.46028093	0.761844298	0.15871756	0.46821681	0	0	0.5078962	0.41266566	1.28561225	5.16625665	1.444329815	0.119038172	0.21426871	23.02198238
X1FECOB	Captive Chimps-Hodonin	0	2.09567198	0	0	0	0	0	0	0	0	0	0	0	0	0	0	1.13895216	0	0	0	0	0	0	0	1.03644647	0	0	6.38952164	12.49430524	0
X2FecJUDY	Captive Chimps-Hodonin	0	0	0	0	0	0	0	0	0	0	0	0	0	0	0	0	0	0	0	0	0	0	0	0	0	0	12.0031575	13.7583581	0	0
X4FecTEA	Captive Chimps-Hodonin	2.69891342	0	0	0	1.38801262	0	0	0	1.668419208	0	0	1.60532773	5.99369085	0	0	0	0	0	0	0	0	4.830003505	0	0	0	0	0	0.084121977	8.62951279	0
CH11	Captive Chimps-Ostrava	0	4.01326242	0	0	0	0	0	0	0	0	0	0	0	0	0	0	0	0	0	0	8.78635076	0	0	0	0	0	1.547281895	3.308696553	2.17586517	0
CH12	Captive Chimps-Ostrava	5.25110746	3.58867154	0	0	3.07102683	0	0.009954706	0	0	0	0	0	0	0	0	0	0	0	0	0	2.33935593	10.16375492	0.01493206	0	0	0.04479618	1.826688567	5.514907172	5.08187746	0.0746603
CH13	Captive Chimps-Ostrava	0	1.00947352	0	0	0	0.295076875	0	0	0	0.37272868	0	0	0.51250194	0	0	0	0	0	0	0	0	0	0.51250194	0	3.19148936	0	0.100947352	0	27.71393073	0.08541699
CH14	Captive Chimps-Ostrava	0	0.41480536	0	0	0	0.925335035	0	0	0	0	0	0	0	0	0	0	0	0	0	0	1.91448628	0	1.22527122	0	0.80408424	0	0	0	17.71537971	0.01914486
CH15	Captive Chimps-Ostrava	0	6.83416185	0	0	0	0.134354427	0	0	0	0	1.02109365	0	0.25975189	0	0	0	0	0	0	0.39410632	4.17842268	0	0	0	1.96157463	0.10300506	0.309015182	0	9.31524027	0.04030633
CH16	Captive Chimps-Ostrava	0.65389208	0.11940638	0	0	0.13077842	1.12583158	0	0	0	0	0	0	0	0	0	0	0	0	0	0.64252004	1.79678171	0	2.44498778	0	0	0	0.471939501	1.0064252	9.00665264	0.02274407
CH17	Captive Chimps-Ostrava	0	0	0	0	0	1.700304119	0	0	0	0	0	0	0	0	0	0	0	0.698092342	0	0	0.44926735	0.248824993	0	0	0.96765275	0	0.262648604	1.89383467	15.15758916	0
CH6	Captive Chimps-Ostrava	0.36627353	0.75452348	0	0	3.58948062	0	0	0	0	0	0	0	0	0.080580177	0	0	0	0	0	0	5.91165482	14.24804044	1.71416013	0	0	0	0.080580177	1.098820599	21.22921398	0.06592924
CH7	Captive Chimps-Ostrava	0	9.91258641	0	0	0	0	0	0	0	0	0	0.35422499	0	0	0	0	0	0	0	0	0.09712621	9.781180369	0	0	4.15357367	0	1.565445924	2.913786208	0	0
CH8	Captive Chimps-Ostrava	0.5617109	0.1855192	0	0	3.83406339	0.15459933	0	0	0	0.29373873	0.14944602	0	0	0.561710899	0	0	0	0	0	0	3.1847462	10.82710642	0.80391652	0	0.94305591	0	0.05153311	0.15459933	22.97861376	0
CH9	Captive Chimps-Ostrava	0.63782447	1.47836836	0	0	0.67243511	0.543881335	0	0	0	0	0	0	0	0	0	0	0	0	0	0.46477132	4.32138443	0.652657602	1.04326329	0	0.29666255	0.0197775	4.306551298	1.166872682	8.815822	0
D.H.S	Captive Western Lowland Gorilla	0	0	0	0	0.20755859	0	0	0	0	0	0.46700683	0.1037793	0	0	0	0	0	0	0	0.24215169	14.32154285	0	2.00639972	0	0	0	1.599930814	0.043241373	0.34593099	0
Day	Captive Western Lowland Gorilla	0	0	0	0	0	0	0	0	0	0	1.26396648	0.33519553	0	0	0.02094972	0	0	0	0	0.32821229	0.29329609	0	1.77374302	0	0.29329609	0.06284916	2.19972067	0	0.09078212	0
G161	Captive Western Lowland Gorilla	0	0	0	0	0	0	0	0	0	0	0	0	0	0	0	0	0	0	0	0	0	0	0	0	0	0	32.15032528	0.058085502	67.58828996	0
G6	Captive Western Lowland Gorilla	0	0	0	0	0	0	65.37713711	0	0	0	0	0	0	0	0	0	0	0	0	0	0	0	0	0	0	0	0	0	0.02681864	0.01676165
Jab	Captive Western Lowland Gorilla	0	0	0	0	0	0	0	0.09075096	0	0	0.65794449	0.69575739	0	0	0	0	0.65038191	0	0	0.72600771	17.72668835	0	0	0	0	0	0	0.181501928	0	0
Jab2	Captive Western Lowland Gorilla	0	0	0	0	0	0	0	0	0	0	0	0	0	0	0	0	0.44625902	0	0	0	10.36840106	0	0	0.17090771	0.19939233	0	0.636156476	0.360805165	0	0.02848462
MK	Captive Western Lowland Gorilla	0	0	0	0	0.68259386	0.639931741	0.017064846	0	0	0	0	0	0	0	0	0	0	0.051194539	0	0.88737201	0	0	0	0	0	0	0	0	1.08361775	0.07679181
Nne	Captive Western Lowland Gorilla	0	0	0	0	0	0	0.034343608	0	0	0	0	0	0	0	0	0	0	0	0	0	0	0.025757706	0	0.91869151	0	0	0.291920666	0	0.94444921	0.08585902
PA	Captive Western Lowland Gorilla	0	0	0	0	0	0	0	0	0	0	0	0	0	0	0	0	0	0	0	0	3.73240873	0	3.98735468	0	0	0	0.958596777	0.846420559	1.92739139	0
Sam2	Captive Western Lowland Gorilla	0	0	0	0	1.82088443	4.515050167	0	0	0	0	0	0.35302861	0	0	0	0	0.78037904	0	0	0.72463768	10.81382386	0	0	0	0	0	0	0	0.89186176	0.11148272
Samson	Captive Western Lowland Gorilla	0	0	0	0	0	0	0	0	0	0	0	0	0	0	0	0	2.99636804	0	0	1.08958838	26.48305085	0	0	0	0	0	0.537227603	0.930690073	0	0
SCH2	Captive Western Lowland Gorilla	0	0	0	0	0.02571884	0	0	0	0	0	0.13373798	0	0	0	0	0	0.47322669	0.241757111	0	0.30348233	16.29031428	0	0.80242786	0	0	0	0.678977419	0	0.61210843	0.03086261
Scho2	Captive Western Lowland Gorilla	1.8087408	0.17308524	0	0	0.07788836	0.15577672	0	1.78277802	0	0	0.66637819	0	0	0	0	0	0	0.034617049	0	0.50194721	0	0	5.25313717	0	0.19039377	0	1.315447858	0.46733016	1.28083081	0
Shorder	Captive Western Lowland Gorilla	0	0	0	0	0.9242931	0	0	0	0	0	0	0	0	0	0	0	0.60200669	0	0	0.34660991	5.27211919	0	3.89176041	0	0	3.05259957	1.349954393	2.949224688	0.71754333	0
T1	Captive Western Lowland Gorilla	0	0	0	0	0	0	0	0	0	0	0	0	0	0	0	0	0	0	0	0.47495021	33.87978142	0	0	0	0	0.05106991	0.03574894	2.405392983	1.37378071	0
X11A2	Captive Western Lowland Gorilla	0.0368392	0	0.20261558	0	0	0	0	0	0	0	0	0.11051759	0	0	0	0.11051759	0	0.313133174	0	0	0.0368392	0	0	0.0552588	0.07367839	4.51280162	0.110517591	40.79941057	0	1.60250507
X121B	Captive Western Lowland Gorilla	0	0	0	0	0	0	0	0	0	0	0	0	0	0	0	0	0	0	0	0	0	20.6705151	0	0	0	0	0	9.114120782	0	0.06660746
X1220	Captive Western Lowland Gorilla	0	7.35460108	0	0	0	0	0	0	0	0	0	0	0	0	0	0	0	0	0	0	0	23.77472821	0	0	0	0.01782214	0	11.51309927	0	0.05940712
C6	Chimps	0	0	0.075	0	0	0	0	0	1.925	0	0	13.35	0	0.375	0	0.25	0	0	0.15	0.125	0	0	0	36.175	0	0	0	0	17.275	0.275
X1	Chimps	0.13216932	1.13039546	2.23992209	0	0.21912281	1.088657786	0	2.02079928	0.281729331	0.1391256	1.07822337	0.80692845	1.9268895	0.386073528	0	3.43988035	0.10782234	0	0.11477862	2.00340858	0	27.21644465	0	1.03648569	2.90076867	0	0	0	0	0
X10	Chimps	0	0	0	0	7.15963082	0	0	0	6.668122986	0	0.0109224	10.48550052	7.89143138	0	0	3.99759707	0	0	0	6.72819617	0	0	0	9.78100595	3.78461034	0	0	0	1.62743706	0
X11	Chimps	0	1.9434629	0.46208209	0	0	3.34329981	0	7.71042856	0.978526774	0	1.2865815	0	0	0	0	1.96158376	0	0	0	1.08725197	0	0.475672737	0.36694754	2.53692126	6.46008879	0	0	0.063423032	0.64782097	0
X12	Chimps	0	0.33109008	1.66984561	0	0	0.53982078	0	3.54842192	0.395868572	0.33828769	1.28477346	0.24831756	0.46424587	3.537625508	0	1.14801886	0	0	0	1.16961169	0	1.072443949	0	0.90689891	2.94022385	0	0	2.191672365	0.99686904	0
X13	Chimps	0.48790659	0.05838198	2.70642202	0	0	0.663052544	0.266889074	3.55713094	1.70558799	0.4587156	1.21351126	0.9382819	0.09591326	0.308590492	0	2.22685571	0	0	0.02502085	2.59799833	0	4.115929942	0	1.73477898	3.75312761	0	0	0.900750626	0.55045872	0
X14	Chimps	0.27448244	1.00488486	2.26564317	0	0.09304489	0.255873459	0	2.5494301	1.59106769	1.59106769	0.46522447	0.53966039	0.69783671	0.065131426	0	1.64689463	0.05117469	0	0	2.12607583	0	26.27122587	0	0.11630612	4.22423819	0	0	0.116306118	0.20469877	0.13026285
X15	Chimps	0.07225869	0.74065153	0.99355693	0	0.13849582	1.216354549	0.078280243	8.57469742	0.036129343	0.31312097	0.7165653	1.29463479	0.7165653	0.23484073	0	1.21033299	0.17462516	0	0	0.43957367	0.30709942	2.240019269	0	0.82495333	3.99229241	0	0.138495815	0	0.22279762	0
X16	Chimps	0	0.17782717	1.82272854	3.59544318	0.31675465	0.978049458	0.194498472	2.12836899	0.539038622	0.14448458	0.78910809	0.61683801	0.6668519	0.594609614	0	1.43373159	0.45012503	0	13.97054737	1.18921923	0	0.700194498	0	0.60572381	1.55043068	0	0.211169769	0	1.64490136	1.94498472
X2	Chimps	0	0.37379339	1.9880879	0	0	0.283425755	0	4.4567673	0.768124872	0	0.6490039	1.30211542	1.07619634	0	0	6.21893613	0	0	0	1.54446498	0	0.303963853	0	1.43355925	3.80365578	0	0	0.188950503	0	0
X3	Chimps	0	0.03823726	0	0	0	0	0	0.04301692	0	0	15.02724405	0	0	0	0	25.48513526	0	0	0.02389829	6.60548705	0	0	0	0.01433897	42.83051334	0	0	0	6.75365644	0
M157	Mangabey	0	0	0	0	0.01017915	0	0	0	0	0	0	0	0	0.006786102	0.08143322	0	0.0135722	0.010179153	0.01696526	0	0	0.006786102	0	0	0	0	0.088219327	0	0	0.1594734
M158	Mangabey	0.14968336	0	0.83285358	0.43753598	0.06140856	1.116868164	0	0	0	0	0.41066974	0.7253886	0.35693725	0	0	0.10746498	5.30416427	0.049894454	0	0.57570524	0	0	0	0.04221838	0.00767607	0	0.552677029	0	0.62176166	0
M159	Mangabey	0.74027073	0	3.8000564	0.29610829	0.58516638	0.73322053	0	0	0.19035533	0.04935138	2.9822335	1.0857304	0.83897349	0	0	0.09165257	0.71912014	0	0	2.15736041	0	0	0.12690355	0.25380711	0.09165257	0	3.503948111	0.225606317	2.34066554	0
M255	Mangabey	0.44581978	0	0.17832791	0	0.31994126	1.048987727	0.073429141	0	0.057694325	0	0.60841288	0.3933704	0.15210322	0	0.1363684	0.03671457	2.42840659	0	0	0.89688451	0.05769432	0.524493863	0	0.11014371	0.01573482	0	5.061365782	0.11538865	2.13469002	0.05244939
M45	Mangabey	0	0	0	0.01819726	0	1.34053136	0	0	0.551983501	0	0	0	1.03117797	0	0	0	8.88632779	0.054591775	0	0.10918355	0	11.1973796	0	0	0	0	0.533786243	2.602207934	16.08031057	1.60742448
M49	Mangabey	0.16166041	0	1.20463079	0	0.63099708	0.359824781	0	0	0.511055486	0.0104297	0.4015436	0.94910305	0.28681685	0.015644556	0.09908219	1.94513976	2.49791406	1.679182311	0.10429704	3.58781811	0	0.693575302	0	0.53712975	0.41718815	0	1.501877347	0.073007927	3.0246141	0.04171882
X102M	Mangabey	0.29585799	0	0.90166244	0.13384052	2.28937729	0.507185123	0	0	0.239504086	0.07748662	0.42969851	1.00028177	0.42265427	0	0	0.71851226	0.77486616	0.042265427	0	1.32431671	0	4.44491406	0	0.25359256	1.6201747	0	28.7264018	0.042265427	0.50014088	0.5776275
X249M	Mangabey	0.54983858	0	0.71125908	10.91606134	1.06941082	0.79196933	0.095843422	0.06557708	0.090799031	0.14628733	1.45782889	0.73143664	0.49939467	0.015133172	1.23083132	0.19673123	2.76937046	1.064366425	0.27239709	4.07586764	0	2.118644068	0	0.06053269	0	0	2.910613398	0.025221953	4.4693301	0.02522195
X251M	Mangabey	0	0	0	0	0	0.070702127	0	0	0.152281503	0	0.13596563	3.91037146	1.95790504	0	0	0.22842225	0.76140752	0	0	7.85337467	0	0.076140752	0	0.32631751	0.79403927	0	0.239299505	0	25.70838092	0
X253M	Mangabey	0.25286818	0	0.18262702	0.01873098	0.52446734	1.737298057	0	0	0.02341372	0.0421447	0.51510185	1.25965816	0.38866776	0	0	0.59002576	19.3631468	0.098337626	0	0.91781784	0.02341372	3.109342074	0	0.03277921	0	0	0.121751346	0	3.69000234	0.19667525
X87M	Mangabey	0.049132	0	0.03275467	0	0.37121957	0	0	0	0.556829348	0	0.30571023	6.29435528	3.00251119	0	0	2.10175783	0	0.114641336	0	3.28638498	0	0	0	1.04269025	0	0	12.26116388	0	6.2070095	0
B1	Mountain Gorilla	0	0	0	0	0	0	0	0	0	0	0	0	0	0	0	0	0	0	0	0	0	0	0	0	0	0	0	76.35091566	0	0
B2	Mountain Gorilla	0	0	0	0	0	0	0	0	0	0	0	0	0	0	0	0	0	0	0	0	0	0	0	0	0	0	0	15.88232864	0	0
B3	Mountain Gorilla	0	0	0	0	0	0	0	0.01046828	37.50087236	0	0	0	0	0	0	0	0	0	0	0	0	0	0	0	0	0	0	21.61351106	0	0.01046828
B4	Mountain Gorilla	0	0	0	0	0	0	0	0	0	0	0	0	0	0	0	0	0	0	0	0	0	0	0	0	0	0	0	20.01650437	0	0
H1	Mountain Gorilla	1.65071945	0	0.78883938	0	0	0	0	1.38412096	0	1.17960704	0	0.88379227	1.96114236	0	0	0	0	0	0	0	0	0	0	0	0.56971733	0	0	0.920312614	0	0
K1	Mountain Gorilla	0	0	0	0	0	0	0	0	5.616330213	1.79316567	0	0.63907372	0	0	0	0	0	0	0	7.05988497	0	0	0	0	2.01496184	0	1.154091951	0	0	0
K2	Mountain Gorilla	0	0	0	0	0	0	0	0	0	57.7711517	0	0	0	0	0	0	0	0	0	0	0	0.006211952	0	0	1.15231706	0	0.015529879	0.006211952	0	0
K3	Mountain Gorilla	0	0	0	0	0	0	0	0	0	0	23.25855231	0	0	0	0	0	0	0.006197323	0	0	0	0	0	0	0	0	0	25.19521567	0	0
K4	Mountain Gorilla	0	0	0	0	0	0	0	13.13666949	0	0	0	0	0	0	0	0	0	0	0	0	0	0	0	0	0	0	0	26.25997059	0	0
K5	Mountain Gorilla	0	0	0	0	0	0.007352671	0	0	0	0.01470534	0	0	34.07595309	0	0	0	0	0	0	0	0	0	0	0	0.01470534	0	0.007352671	27.55781038	0.01102901	0
K6	Mountain Gorilla	0	0	0.01101807	0	0	0	0	0	0	0.00734538	0	0	0.01101807	0	0	0	0	0	0	0	0	0	0	0	19.21918613	0	0	8.630821213	0.01101807	0
M1	Mountain Gorilla	23.59209194	0	0	0	0	0	0	0	0	0	0	0	0	0	0	0	0	0	0	0	0	0	0	0	26.40570649	0	0	41.00215755	0	0
M2	Mountain Gorilla	0	0	0	0	0	0	0	0	0	0	0	0	0	0	0	0	0	0	0	0	0	0	0	0	0	0	23.46949135	0	0	0.04737893
M3	Mountain Gorilla	0	0	0	0	0	0	0	0	0	0	0	0	0	0	0	0	0	0	0	16.28582411	0	0	0	0	0	0	0	17.89176953	0	0
M4	Mountain Gorilla	0	0	0	0	1.14841586	0	0	2.65148956	0	0	0	0	0	0	0	0	0	0	0	0	0.02702155	0	0	0	2.64811187	0	25.4542998	4.380868743	0	0
M5	Mountain Gorilla	0	0	0	0	0	0	0	0	0	0	0	0	0	0	0	0	0	0	0	0	0.02306379	0	0.01845104	0	0	0	0.101480696	0	0	0.02306379
M7	Mountain Gorilla	0	0	0	0	0	0	0	0	0	0	0	0	0	0	0	0	0	0	0	0	0.01685488	0	0	0	21.15287376	0	0	0.016854879	0	0
MH10	Mountain Gorilla	0	0	2.29464418	0	0	4.015627318	0	0.82587409	0	1.85450769	0	0	0	0	0	0	0	0	0	0	0	0	0	0	4.71292221	0	0	0.954453291	0	0
MH2	Mountain Gorilla	0	0	0	0	0	0	0	0	0	0.98298311	0.75738043	1.7693696	0	0	0	0	0	0	0	0.4221993	0	0	0	0	1.42451979	0	0	2.352713678	1.24726054	0
MH3	Mountain Gorilla	0	0	0	0	0	0.129440529	0	0.72270962	0	0.5321444	0.47461527	0.80900331	0.24090321	0	0	0	0	0	0	0.56450453	0	0	0	0.13663167	1.1973249	0	0	0.046742413	0.16539623	0
MH4	Mountain Gorilla	0.47878707	0	0	0	0	0.864476659	0	1.69792082	0.664982045	1.30336481	0.43445494	0.456621	0.57188456	0	0	0	0	0	0	0.40342244	0	0	0	0	1.1038702	0	0	2.540231414	0.41228887	0
MH5	Mountain Gorilla	0	0	1.28949065	0	0	0.202020202	0	0.75220288	0	0.31807436	1.08317215	0.24500322	0.45562003	0	0	0	0	0	0	1.92134107	0	0	0	0.23640662	3.3612723	0	0	1.457124436	0	0
MH6	Mountain Gorilla	0.05478633	0	0.11455324	0	0	0.512999303	0	1.52903676	0.488096424	0.81183385	0.63253312	0.88654248	0.41836836	0	0	0	0	0	0	0.89650364	0	0	0	0.26895109	0.92638709	0	0	0.204203606	0.04482518	0
MH7	Mountain Gorilla	0.59318791	0	0.14159969	0	0	0.390355913	0	0	0.114810563	1.20168389	0.98737084	1.60734788	0.56257176	0	0	0	7.76502105	0	0	1.8982013	0	0	0	0	0.83429009	0	0	1.025641026	0.47455033	0
MH8	Mountain Gorilla	0.68655211	0	0.83394748	0	0	0	0	1.69892557	0.376246073	1.10158644	0.56630852	0.52752027	0.27151778	0	0	0.11248594	0	0	0	1.05504053	0	0	0	0.23272953	2.08292929	0	0	1.477832512	0.25988131	0
MH9	Mountain Gorilla	0	0	1.18618029	0	0	0	0	2.54385652	0	1.12186931	0.19293294	0	0.53592483	0	0	0	0.96109186	0	0	0	0	0	0	0	1.37196756	0	0	1.63635714	0	0
H10	USA-Human	0	0	0	0	0	0	0	0	0	0	0	0	0	0	0	0	0	0	0	0	0	0	0	0	0	0.56720523	0	2.801650052	2.56101753	0
H100	USA-Human	0	0	0	0	0	0	0	0	0	0	0	0	0	0	0	0	0	0	0	0	0	0	0	0	0	21.10247805	0	0	0	0.02298745
H12	USA-Human	0	0	0	0	0	0	0	0	0	0	0	0	0	0.530503979	0	0	0	0.037228349	0	0	0	0	0	0	0	0	0.842291405	2.168551352	1.02377961	0.02326772
H2	USA-Human	0	0	0	0	1.75724772	0	0	0	0	0	0	0	0	0	0	0	0	0	0	0	0	0	0	0	0	3.46259361	0	8.823311337	14.59182917	0
H3	USA-Human	0	0	0	0	0	0	0	0	0	0	0	0	0	0	0	0	0.02291738	0.011458691	0	0	0	0	0	0	0	0.02864673	0.028646729	8.347656698	0	0
H4	USA-Human	0	0	0	0	1.38661823	0	0	0	0	0	0	0	0	0	0	0	0	0	0	0	0	0	0	0	0	22.65213442	0	0.29669997	0	0.02422041
H5	USA-Human	0	0	0	0	0	0	0	0	0	0	0	0	0	0	0	0	0	0.115340254	0	0	0	0	0	0	0	0	0	9.111880046	0	0.10252467
H6	USA-Human	0	0	0	0	0	0	0	0	0	0	0	0	0	0	0	0	0	0	0	0	0	0	0.83313867	0	0	2.90430585	0	0.778634275	32.85058008	0
H7	USA-Human	0	0	0	0	0	0	0	0	0	0	0	0	0	0	0	0	0	0	0	0	0	0	0.01400855	0	0	26.89640681	0	16.07480563	0	0.11206836
H9	USA-Human	0.39510959	0	0	0	0	0	0	0	0	0	0	0	0	0	0	0	3.36215894	0	0	0	0	0	0	0	0.84240346	0.04472939	0.31310571	0	2.62412405	0
HA	USA-Human	0	0	0	0	0	0	0	0.27799496	0	0	0	0	0	0	0	0	0	0	0	0	0	0	0	0	2.75388759	0.08687343	0	0.833984884	17.49630788	0
HB	USA-Human	0	0	0	0	0	0	0	0	0	0	0	0	0	0	0	0	4.5610556	0	0	0	0	0	0	0	0	5.72038746	0	5.781404927	0	0
X1_Mata	Western Lowland Gorilla	0.37471376	2.02276039	1.82846437	0	0	0	0	1.67927278	0.218583027	0.37818333	3.17118868	0.20123517	0.90902783	7.61224065	0	2.366248	2.73055305	0	3.13649296	1.12414128	0	0	0	1.66886406	4.683922	0	0.516966206	2.140725834	2.64034418	0
X10_Sopo	Western Lowland Gorilla	0.5646841	0.6757695	0	3.19370516	0	1.046054154	0	0	0.407313122	0	0.35177042	0	0	4.221245082	0	0.80999769	1.10622541	0	7.35015043	2.25410785	0	0	0	0.06942837	0.96736866	0	0.85165471	0.333256191	3.95741726	0
X12_Makumba	Western Lowland Gorilla	0	0	0.14218683	0.76069956	0	0	0	0	0	0	0.60429404	0	0.01421868	5.147163373	0	0.14218683	0.48343523	0	1.79866344	0.04976539	0	0.014218683	0	0	0.07820276	0	0	0	23.44660884	0
X157	Western Lowland Gorilla	0	0	0.35141881	0	2.1019443	0	0	0.38754598	0.006568576	0	0	0	0	0	0	0	4.10864425	11.47201787	0	0.28573305	0	3.192327903	0	0	0	0	7.271413558	0.535338939	7.29440357	0
X16Susa	Western Lowland Gorilla	1.11197677	0	2.54975565	0	0.69410015	0	0	0	1.04469155	0	1.27487782	0.69764148	0.44620724	13.74743254	0	1.28196048	0.74722006	0	13.03562575	0	0	0	0	1.28904313	2.5568383	0	0	0	0.44620724	0
X17_Mayele	Western Lowland Gorilla	0.57295137	1.06595603	0	0	1.73217855	0.626249167	0	0	0.986009327	0	0.29313791	0.34643571	0.69287142	0	0	0.75949367	0.0532978	0	0	4.73017988	0	0	0	1.33244504	2.69153897	0.0266489	0.173217855	0.066622252	0.29313791	0.0532978
X18Lungu	Western Lowland Gorilla	0.74113522	0.10651045	2.26778503	2.94235122	0.87871122	0.071006968	0	0	0.639062708	0.09763458	0.09319664	0.36834864	0.17307948	7.287090046	0	0.60355922	0.99853548	0	18.2532286	1.35800825	0	0.541428128	0	0.11094839	0.83433187	0	0.75444903	0.133138064	1.19824258	0.32840722
X21Mapoki	Western Lowland Gorilla	1.05253648	0.10841577	1.44554366	0.93056873	1.41392239	0.704702534	0.085829155	0	0.072277183	0.03613859	0.56918282	0.71825451	0.4336631	14.81230519	0	1.5855807	0.47431901	0	17.3420066	1.55847676	0	0.216831549	0	0.1129331	0.58273479	0	0.813118309	0.293626056	2.0011745	0
X22_Susa	Western Lowland Gorilla	0.12810062	0	0	0	0	0	0	0	0	0	0.92387718	1.61096231	2.98513256	0	0	6.00520166	0	0	0	5.1783704	0	0	0	0.04658204	6.43220372	0	0	0	2.14277396	0
X23Mongali7516	Western Lowland Gorilla	0.9398297	1.20835247	0	5.31745751	0	1.589937462	0	0	0.55117832	0	0.60417624	0	0	7.455040102	0	0.94689609	2.03511995	0	12.82549553	3.28233756	0	0	0	0.17665972	0.82323429	0	1.13415539	0.922163728	5.43405293	0
X24_Mongali	Western Lowland Gorilla	0	0	5.67241711	0	0	0	0	0.57718207	1.330725325	0	0	1.19604951	0	5.973834413	0	6.21112037	0	0	18.30949785	0	0	0	0	1.70589367	3.6105945	0	0	0.019239402	3.81902136	0
X25_Mayele	Western Lowland Gorilla	0	0	0	0	0.3800918	0	0	0	0	0	3.14830752	8.64529547	3.5929432	0	0	9.44850832	0.1900459	0	0	3.67900172	0	0	0	17.28341939	2.68574297	0	1.222748135	0	9.76047045	0
X28Wiya	Western Lowland Gorilla	0.71589188	0	0.67000138	7.51227571	0.83061815	0.142260566	0	0.10095911	0.426781699	0.16520582	0.36712404	0.79390574	0.19274012	25.61608003	0	0.8627415	4.42843376	0	13.63406911	1.22068744	0	0.036712404	0.05506861	0.04130145	0.44054885	0	0.26616493	0.027534303	1.61534578	0.05965766
X3_Mama	Western Lowland Gorilla	0.93990755	1.81304571	0	0	2.82485876	0.765279918	0	0	2.275295326	0	0	1.14021572	0.93477144	0	0	0	0	0	0	1.87467899	0	0	0	2.80431433	4.11915768	0	0.174627632	0.082177709	0.61119671	0
X30_Duma	Western Lowland Gorilla	0.50659803	0	0	0	2.14895616	0.241042611	0.151162316	0.02859828	2.136699759	0	2.22249459	3.34599828	1.07039261	0	0	6.5857744	4.02418597	0	0	2.50439188	0	0	0	1.38497365	3.0886138	0	0.294153695	0	5.26616824	0
X4_Mio	Western Lowland Gorilla	0	0	0.15750188	0.12326234	0.15750188	0	0	0	0.356091214	0	0.05478326	0.74642197	2.19817846	0.534136821	0	6.24529206	0.05478326	0	2.12969938	1.90371841	0	0	0	60.72724783	1.82154352	0	0.089022804	0	1.35588578	0
X5Malui	Western Lowland Gorilla	0	0	0	0	0	0	0	0	0	0	0	0	0	0	0	0	0	0	0	0	0	0	0	0	0	0	0	11.23488774	2.68134715	0
X6_samba	Western Lowland Gorilla	0.07037607	0	0.26391027	0.08357159	0.04838355	0.021992523	0.017594018	0	0	0	0.03078953	0.07037607	0	4.244556851	0	4.91312954	0.07917308	0	4.10380471	0.22872223	0	0.013195514	0	70.46844073	0.08797009	0.03078953	0	0.030789532	0.22872223	0.02639103
X7_Tembo	Western Lowland Gorilla	0	0	2.40441961	0	0	0.527340072	0	0.23228075	0	0.90715048	0.35156005	2.17213887	0.64661937	0	0	2.121916	0.90087262	0	4.77431101	0.2165861	0	3.616046205	0	0.33272647	1.17709837	0	2.765396447	2.78736895	12.30460167	0
